time_ms,amp,rssi
1782317026223,81.45196533203125,-64
1782317026228,82.7287368774414,-64
1782317026233,81.93525695800781,-64
1782317026237,82.1963119506836,-64
1782317026241,82.48351287841797,-64
1782317026245,82.24819946289062,-64
1782317026248,82.16531372070312,-64
1782317026252,82.77213287353516,-64
1782317026255,82.29498291015625,-64
1782317026259,82.56293487548828,-64
1782317026262,81.32173156738281,-64
1782317026266,85.18699645996094,-64
1782317026269,82.41627502441406,-64
1782317026273,82.08824157714844,-64
1782317026276,83.34121704101562,-64
1782317026280,82.7042007446289,-64
1782317026283,82.1859130859375,-64
1782317026287,82.44781494140625,-64
1782317026290,82.30891418457031,-64
1782317026293,82.45332336425781,-64
1782317026297,82.66233825683594,-64
1782317026300,82.69407653808594,-64
1782317026304,82.27649688720703,-64
1782317026307,81.98747253417969,-64
1782317026310,82.05387115478516,-64
1782317026314,85.18946075439453,-64
1782317026317,82.30142211914062,-64
1782317026320,82.76959991455078,-64
1782317026324,83.45439910888672,-64
1782317026327,82.91606903076172,-64
1782317026331,82.9228515625,-64
1782317026334,82.99622344970703,-64
1782317026337,82.69937896728516,-64
1782317026340,81.91972351074219,-64
1782317026344,82.02696990966797,-64
1782317026347,82.2572021484375,-64
1782317026351,81.96585083007812,-64
1782317026355,82.72776794433594,-64
1782317026358,81.91423034667969,-64
1782317026361,82.63873291015625,-64
1782317026365,82.21019744873047,-64
1782317026368,81.75934600830078,-64
1782317026372,81.63652801513672,-64
1782317026375,81.40601348876953,-64
1782317026379,82.54283905029297,-64
1782317026382,82.58390808105469,-64
1782317026385,82.3929214477539,-64
1782317026389,85.7487564086914,-64
1782317026392,82.58924102783203,-64
1782317026395,83.84750366210938,-64
1782317026399,82.25848388671875,-64
1782317026402,82.56389617919922,-64
1782317026405,85.86530303955078,-64
1782317026409,82.4911880493164,-64
1782317026412,82.7762451171875,-64
1782317026415,82.6840591430664,-64
1782317026418,82.76403045654297,-64
1782317026422,83.40672302246094,-64
1782317026425,82.09297180175781,-64
1782317026429,82.76048278808594,-64
1782317026432,82.41746520996094,-64
1782317026435,82.12264251708984,-64
1782317026439,82.6170654296875,-64
1782317026442,82.38959503173828,-64
1782317026446,82.46199798583984,-64
1782317026449,82.04386138916016,-64
1782317026452,81.87556457519531,-64
1782317026456,82.53827667236328,-64
1782317026459,82.75939178466797,-64
1782317026462,82.51250457763672,-64
1782317026465,83.06314849853516,-64
1782317026469,82.39493560791016,-64
1782317026472,81.54817962646484,-64
1782317026475,82.3724365234375,-64
1782317026479,82.70834350585938,-64
1782317026482,82.8331527709961,-64
1782317026486,82.77397155761719,-64
1782317026489,82.22374725341797,-64
1782317026492,82.64205932617188,-64
1782317026496,82.78205871582031,-64
1782317026499,84.96918487548828,-64
1782317026503,82.77987670898438,-64
1782317026506,81.74382019042969,-64
1782317026510,82.0155258178711,-64
1782317026513,82.69051361083984,-64
1782317026516,82.7083969116211,-64
1782317026520,82.4711685180664,-64
1782317026523,82.39422607421875,-64
1782317026526,83.60237884521484,-64
1782317026530,81.53826904296875,-64
1782317026533,82.30938720703125,-64
1782317026536,82.12401580810547,-64
1782317026540,82.72903442382812,-64
1782317026544,82.26944732666016,-64
1782317026547,82.35343170166016,-64
1782317026550,83.09951782226562,-64
1782317026554,82.56591033935547,-64
1782317026557,82.63653564453125,-64
1782317026560,81.96467590332031,-64
1782317026564,82.95062255859375,-64
1782317026567,83.39704895019531,-64
1782317026571,82.29251098632812,-64
1782317026574,85.34756469726562,-64
1782317026578,81.75222778320312,-64
1782317026581,82.43936920166016,-64
1782317026584,82.93319702148438,-64
1782317026587,82.32083129882812,-64
1782317026591,82.72474670410156,-64
1782317026594,83.0971450805664,-64
1782317026597,82.62023162841797,-64
1782317026601,81.98439025878906,-64
1782317026604,81.62730407714844,-64
1782317026608,82.3411865234375,-64
1782317026611,82.13011932373047,-64
1782317026614,82.37875366210938,-64
1782317026617,82.49884033203125,-64
1782317026620,85.77428436279297,-64
1782317026623,82.33414459228516,-64
1782317026627,82.16761779785156,-64
1782317026630,81.94760131835938,-64
1782317026633,86.64627838134766,-63
1782317026637,82.03810119628906,-64
1782317026640,82.66554260253906,-64
1782317026644,82.21194458007812,-64
1782317026647,82.81478118896484,-64
1782317026650,82.12371826171875,-64
1782317026653,82.96337890625,-64
1782317026657,82.55016326904297,-64
1782317026660,81.99903869628906,-64
1782317026663,84.76557922363281,-64
1782317026667,81.91604614257812,-64
1782317026673,82.94879150390625,-64
1782317026683,82.64183807373047,-64
1782317026695,82.64732360839844,-64
1782317026707,83.0695571899414,-64
1782317026719,81.90226745605469,-64
1782317026731,82.99713134765625,-64
1782317026742,83.60997772216797,-64
1782317026753,85.48478698730469,-64
1782317026763,82.35597229003906,-64
1782317026774,83.80378723144531,-64
1782317026785,82.19702911376953,-64
1782317026796,82.70240783691406,-64
1782317026815,82.37368774414062,-64
1782317026827,82.62407684326172,-64
1782317026838,82.60458374023438,-64
1782317026850,82.19412994384766,-64
1782317026861,82.86225128173828,-64
1782317026872,81.58111572265625,-64
1782317026883,82.61180877685547,-64
1782317026895,82.40571594238281,-64
1782317026907,81.76490020751953,-64
1782317026918,82.48413848876953,-64
1782317026929,82.15034484863281,-64
1782317026940,81.9029541015625,-64
1782317026950,82.93985748291016,-64
1782317026962,84.43496704101562,-64
1782317026973,82.06758117675781,-64
1782317026984,82.7503662109375,-64
1782317026995,82.52546691894531,-64
1782317027006,82.8661880493164,-64
1782317027017,82.31594848632812,-64
1782317027028,83.09223937988281,-64
1782317027039,83.03260040283203,-64
1782317027050,82.4935531616211,-64
1782317027062,81.7367172241211,-64
1782317027073,82.25294494628906,-64
1782317027085,82.43603515625,-64
1782317027096,82.92496490478516,-64
1782317027106,82.86940002441406,-64
1782317027117,84.80868530273438,-64
1782317027128,82.67589569091797,-64
1782317027139,82.33525085449219,-64
1782317027150,82.46441650390625,-64
1782317027160,82.60663604736328,-64
1782317027171,82.57535552978516,-64
1782317027183,82.98860168457031,-64
1782317027193,82.85685729980469,-64
1782317027203,82.2318115234375,-64
1782317027214,81.87966918945312,-64
1782317027225,82.37152862548828,-64
1782317027238,82.35889434814453,-64
1782317027249,82.9665298461914,-64
1782317027260,82.99351501464844,-64
1782317027270,82.66769409179688,-64
1782317027299,82.54557037353516,-64
1782317027306,82.17688751220703,-64
1782317027313,82.42097473144531,-64
1782317027326,81.2604751586914,-64
1782317027337,82.87915802001953,-64
1782317027347,82.5936279296875,-64
1782317027358,82.98884582519531,-64
1782317027369,82.35527038574219,-64
1782317027388,83.1253433227539,-64
1782317027399,82.1663589477539,-64
1782317027411,83.24848937988281,-64
1782317027420,82.28438568115234,-64
1782317027431,85.69257354736328,-64
1782317027442,82.53190612792969,-64
1782317027453,82.94624328613281,-64
1782317027464,83.75362396240234,-64
1782317027474,82.83531188964844,-64
1782317027489,82.00888061523438,-64
1782317027498,83.23126220703125,-64
1782317027511,82.41453552246094,-64
1782317027522,82.8233642578125,-64
1782317027533,83.21260070800781,-64
1782317027544,81.81277465820312,-64
1782317027556,82.20696258544922,-64
1782317027566,82.59329223632812,-64
1782317027578,81.46478271484375,-64
1782317027588,82.4979248046875,-64
1782317027600,82.43632507324219,-64
1782317027613,82.48165893554688,-64
1782317027623,81.8757553100586,-64
1782317027634,82.9201431274414,-64
1782317027645,82.16324615478516,-64
1782317027655,82.11870574951172,-64
1782317027666,82.43832397460938,-64
1782317027677,83.31555938720703,-64
1782317027689,81.82437896728516,-64
1782317027700,81.32588958740234,-64
1782317027712,80.50506591796875,-64
1782317027723,81.61620330810547,-64
1782317027734,82.86505126953125,-64
1782317027744,82.6938247680664,-64
1782317027755,82.2002944946289,-64
1782317027766,83.5750961303711,-64
1782317027777,83.23159790039062,-64
1782317027793,81.64643096923828,-64
1782317027804,82.81128692626953,-64
1782317027822,82.00577545166016,-64
1782317027831,82.4760971069336,-64
1782317027842,81.52971649169922,-64
1782317027853,82.14010620117188,-64
1782317027864,82.17083740234375,-64
1782317027874,82.74162292480469,-64
1782317027885,82.32359313964844,-64
1782317027896,81.8023681640625,-64
1782317027907,82.74239349365234,-64
1782317027921,81.98868560791016,-64
1782317027929,81.92781066894531,-64
1782317027940,82.14917755126953,-64
1782317027951,81.27851104736328,-64
1782317027961,83.04302215576172,-64
1782317027972,83.12286376953125,-64
1782317027982,85.09058380126953,-64
1782317027993,82.70613861083984,-64
1782317028004,83.08058166503906,-64
1782317028015,82.00729370117188,-64
1782317028027,82.40169525146484,-64
1782317028037,82.56098937988281,-64
1782317028048,82.41558837890625,-64
1782317028059,80.80903625488281,-64
1782317028071,82.62007141113281,-64
1782317028082,82.69322967529297,-64
1782317028093,84.72300720214844,-64
1782317028104,82.0389404296875,-64
1782317028114,81.16734313964844,-64
1782317028125,81.9915771484375,-64
1782317028136,82.89820098876953,-64
1782317028147,82.09628295898438,-64
1782317028159,82.03768920898438,-64
1782317028170,81.35247802734375,-64
1782317028187,85.57051849365234,-63
1782317028198,81.64523315429688,-64
1782317028209,82.74615478515625,-64
1782317028219,83.08233642578125,-64
1782317028230,82.22361755371094,-64
1782317028240,81.99725341796875,-64
1782317028252,81.84583282470703,-64
1782317028267,82.85895538330078,-64
1782317028279,86.52139282226562,-64
1782317028293,83.28521728515625,-64
1782317028306,81.74089050292969,-64
1782317028326,82.45564270019531,-64
1782317028332,82.17692565917969,-64
1782317028338,82.76201629638672,-64
1782317028349,81.48445892333984,-64
1782317028361,82.37092590332031,-64
1782317028372,82.49251556396484,-64
1782317028383,81.95169067382812,-64
1782317028394,82.6580810546875,-64
1782317028405,81.99749755859375,-64
1782317028416,83.85157775878906,-64
1782317028427,82.18083190917969,-64
1782317028437,82.30902099609375,-64
1782317028448,83.95077514648438,-64
1782317028459,82.27469635009766,-64
1782317028471,81.62714385986328,-64
1782317028481,82.42935943603516,-64
1782317028492,82.43090057373047,-64
1782317028502,83.81884002685547,-64
1782317028514,82.61453247070312,-64
1782317028526,82.3247299194336,-64
1782317028538,81.8749008178711,-64
1782317028548,80.70799255371094,-64
1782317028560,82.69536590576172,-64
1782317028571,82.53539276123047,-64
1782317028582,83.04925537109375,-64
1782317028593,83.44052124023438,-64
1782317028606,85.73319244384766,-64
1782317028615,81.94408416748047,-64
1782317028634,80.9266357421875,-64
1782317028644,82.59693908691406,-64
1782317028656,82.26734161376953,-64
1782317028672,82.46574401855469,-64
1782317028680,80.92179107666016,-64
1782317028691,82.34991455078125,-64
1782317028701,82.92828369140625,-64
1782317028712,82.76435089111328,-64
1782317028724,82.38106536865234,-64
1782317028736,82.12194061279297,-64
1782317028746,82.59444427490234,-64
1782317028758,83.75056457519531,-64
1782317028769,82.21405792236328,-64
1782317028780,82.5018081665039,-64
1782317028791,82.04199981689453,-64
1782317028801,85.09326171875,-64
1782317028812,82.9842529296875,-64
1782317028823,82.16401672363281,-64
1782317028834,81.99099731445312,-64
1782317028845,82.1447982788086,-64
1782317028855,84.38108825683594,-64
1782317028866,82.3596420288086,-64
1782317028877,82.17359161376953,-64
1782317028887,81.90066528320312,-64
1782317028898,81.32511138916016,-64
1782317028909,83.0542221069336,-64
1782317028921,87.43873596191406,-64
1782317028931,82.72221374511719,-64
1782317028942,82.91399383544922,-64
1782317028952,82.66375732421875,-64
1782317028963,81.9384994506836,-64
1782317028978,82.7609634399414,-64
1782317028989,81.77568054199219,-64
1782317028999,83.30972290039062,-64
1782317029010,84.13788604736328,-64
1782317029022,83.17889404296875,-64
1782317029032,82.60765838623047,-64
1782317029043,82.75650787353516,-64
1782317029055,82.18675231933594,-64
1782317029065,81.65873718261719,-64
1782317029076,82.3908920288086,-64
1782317029088,82.74832916259766,-64
1782317029100,82.22041320800781,-64
1782317029110,83.22356414794922,-64
1782317029121,82.81187438964844,-64
1782317029133,81.98634338378906,-64
1782317029144,82.45323944091797,-64
1782317029155,83.26282501220703,-64
1782317029166,85.02774047851562,-64
1782317029177,82.5501480102539,-64
1782317029187,82.3911361694336,-64
1782317029198,82.78445434570312,-64
1782317029210,82.07785034179688,-64
1782317029221,82.36578369140625,-64
1782317029232,82.27348327636719,-64
1782317029248,82.83124542236328,-64
1782317029259,81.7361831665039,-64
1782317029269,82.47941589355469,-64
1782317029287,82.90696716308594,-64
1782317029298,81.92143249511719,-64
1782317029309,82.44181060791016,-64
1782317029320,84.6961441040039,-64
1782317029331,82.85408020019531,-64
1782317029345,82.63416290283203,-64
1782317029356,82.68173217773438,-64
1782317029366,82.3782730102539,-64
1782317029378,81.58812713623047,-64
1782317029389,82.56456756591797,-64
1782317029402,83.13433074951172,-64
1782317029413,81.61558532714844,-64
1782317029425,82.57500457763672,-64
1782317029436,84.00090026855469,-64
1782317029448,82.09683227539062,-64
1782317029459,82.57328796386719,-64
1782317029469,83.98765563964844,-64
1782317029479,82.0099105834961,-64
1782317029490,82.14429473876953,-64
1782317029500,81.96367645263672,-64
1782317029512,82.15605163574219,-64
1782317029524,82.78392791748047,-64
1782317029533,82.10247802734375,-64
1782317029544,82.41934204101562,-64
1782317029555,82.63687133789062,-64
1782317029566,81.99300384521484,-64
1782317029579,82.93000793457031,-64
1782317029590,82.36954498291016,-64
1782317029602,82.60218048095703,-64
1782317029612,82.08434295654297,-64
1782317029624,85.17479705810547,-64
1782317029635,82.19524383544922,-64
1782317029645,82.71488952636719,-64
1782317029656,81.60745239257812,-64
1782317029668,82.34915161132812,-64
1782317029679,82.70863342285156,-64
1782317029689,82.24468231201172,-64
1782317029701,82.02420043945312,-64
1782317029710,82.47452545166016,-64
1782317029721,81.86874389648438,-64
1782317029731,82.53453826904297,-64
1782317029742,82.66276550292969,-64
1782317029762,82.0741958618164,-64
1782317029774,84.51531982421875,-64
1782317029786,81.98136901855469,-64
1782317029796,83.1513671875,-64
1782317029806,82.68428802490234,-64
1782317029818,82.56486511230469,-64
1782317029830,82.41063690185547,-64
1782317029842,82.50668334960938,-64
1782317029853,81.55199432373047,-64
1782317029863,81.51667785644531,-64
1782317029874,83.53083038330078,-64
1782317029886,83.01544189453125,-64
1782317029897,82.46422576904297,-64
1782317029908,83.80037689208984,-64
1782317029919,81.83760070800781,-64
1782317029930,85.1949691772461,-64
1782317029940,82.9377212524414,-64
1782317029951,138.36924743652344,-61
1782317029962,81.76188659667969,-64
1782317029972,82.77220916748047,-64
1782317029985,82.72770690917969,-64
1782317030002,82.4010009765625,-64
1782317030013,82.76841735839844,-64
1782317030024,81.96639251708984,-64
1782317030035,82.03579711914062,-64
1782317030047,83.3380355834961,-64
1782317030057,83.08123779296875,-64
1782317030068,83.18765258789062,-64
1782317030079,82.71495819091797,-64
1782317030090,85.52522277832031,-64
1782317030102,82.42877960205078,-64
1782317030112,82.84461212158203,-64
1782317030123,81.43514251708984,-64
1782317030134,82.2503662109375,-64
1782317030145,81.89566040039062,-64
1782317030156,83.6717529296875,-64
1782317030167,81.5571060180664,-64
1782317030182,86.44337463378906,-64
1782317030192,82.59062957763672,-64
1782317030206,81.78073120117188,-64
1782317030217,82.12171173095703,-64
1782317030237,82.33120727539062,-64
1782317030248,82.69132232666016,-64
1782317030259,82.38713073730469,-64
1782317030269,83.03877258300781,-64
1782317030281,81.58906555175781,-64
1782317030291,85.48326110839844,-64
1782317030303,82.2041244506836,-64
1782317030313,82.11039733886719,-64
1782317030325,82.56611633300781,-64
1782317030335,81.98938751220703,-64
1782317030347,82.58132934570312,-64
1782317030357,83.16133117675781,-64
1782317030368,82.18283081054688,-64
1782317030380,83.75545501708984,-64
1782317030390,82.63324737548828,-64
1782317030401,82.6219482421875,-64
1782317030412,81.6935043334961,-64
1782317030423,82.51079559326172,-64
1782317030433,82.95269775390625,-64
1782317030444,82.98954010009766,-64
1782317030455,82.12616729736328,-64
1782317030466,81.71994018554688,-64
1782317030478,82.23397827148438,-64
1782317030489,82.19261169433594,-64
1782317030501,85.17212677001953,-64
1782317030514,81.87188720703125,-64
1782317030526,82.99869537353516,-64
1782317030538,81.62655639648438,-64
1782317030549,82.05644226074219,-64
1782317030560,82.0489273071289,-64
1782317030571,82.46762084960938,-64
1782317030581,82.24935913085938,-64
1782317030593,82.89364624023438,-64
1782317030604,82.27395629882812,-64
1782317030615,82.14325714111328,-64
1782317030631,82.57901763916016,-64
1782317030644,84.17552947998047,-64
1782317030655,82.63080596923828,-64
1782317030664,82.13170623779297,-64
1782317030675,82.64974212646484,-64
1782317030687,83.6317138671875,-64
1782317030698,81.98237609863281,-64
1782317030708,82.66989135742188,-64
1782317030719,82.43310546875,-64
1782317030731,81.69479370117188,-64
1782317030742,82.42752838134766,-64
1782317030756,82.21475219726562,-64
1782317030767,82.2109375,-64
1782317030777,82.89617919921875,-64
1782317030788,82.55744934082031,-64
1782317030800,84.0987319946289,-64
1782317030810,81.77490997314453,-64
1782317030823,82.75605773925781,-64
1782317030834,82.40074920654297,-64
1782317030844,81.5998764038086,-64
1782317030855,82.46882629394531,-64
1782317030865,82.1326904296875,-64
1782317030884,82.04071807861328,-64
1782317030895,82.3187255859375,-64
1782317030908,82.35105895996094,-64
1782317030932,82.3629150390625,-64
1782317030946,83.28905487060547,-64
1782317030950,82.1787338256836,-64
1782317030955,85.04896545410156,-64
1782317030966,82.5873031616211,-64
1782317030977,82.83861541748047,-64
1782317030989,81.73136138916016,-64
1782317030999,83.37255859375,-64
1782317031010,82.02300262451172,-64
1782317031021,82.14282989501953,-64
1782317031032,82.90524291992188,-64
1782317031043,82.43197631835938,-64
1782317031053,81.36969757080078,-64
1782317031065,82.11748504638672,-64
1782317031077,81.2863998413086,-64
1782317031087,80.90690612792969,-64
1782317031098,83.01821899414062,-64
1782317031109,84.55803680419922,-64
1782317031120,82.66610717773438,-64
1782317031130,82.45040893554688,-64
1782317031141,82.09587097167969,-64
1782317031152,81.8310775756836,-64
1782317031162,81.9655532836914,-64
1782317031172,81.50157928466797,-64
1782317031183,82.01495361328125,-64
1782317031195,82.0466537475586,-64
1782317031206,82.83625793457031,-64
1782317031216,81.93773651123047,-64
1782317031228,82.50408935546875,-64
1782317031239,81.61759948730469,-64
1782317031249,81.99551391601562,-64
1782317031260,83.34774780273438,-64
1782317031272,82.50215148925781,-64
1782317031283,82.58313751220703,-64
1782317031294,82.87117767333984,-64
1782317031305,82.15913391113281,-64
1782317031318,81.79772186279297,-64
1782317031329,82.4201889038086,-64
1782317031340,81.52239227294922,-64
1782317031351,82.6088638305664,-64
1782317031363,81.39725494384766,-64
1782317031375,81.3605728149414,-64
1782317031386,82.32452392578125,-64
1782317031396,82.63159942626953,-64
1782317031406,82.4699478149414,-64
1782317031417,86.2503662109375,-64
1782317031428,81.80536651611328,-64
1782317031443,82.4516830444336,-64
1782317031457,82.20907592773438,-64
1782317031464,82.71514892578125,-64
1782317031476,82.10910034179688,-64
1782317031487,81.87360382080078,-64
1782317031498,81.6352767944336,-64
1782317031509,81.90290832519531,-64
1782317031520,82.15357208251953,-64
1782317031532,82.23609924316406,-64
1782317031543,82.35102844238281,-64
1782317031554,81.93512725830078,-64
1782317031565,82.23484802246094,-64
1782317031576,81.33075714111328,-64
1782317031588,81.21636962890625,-64
1782317031599,82.01126098632812,-64
1782317031610,82.41029357910156,-64
1782317031622,82.0895767211914,-64
1782317031634,82.43020629882812,-64
1782317031644,81.9140396118164,-64
1782317031656,82.8538589477539,-64
1782317031667,81.87701416015625,-64
1782317031677,83.0879135131836,-64
1782317031688,81.57205963134766,-64
1782317031701,81.50316619873047,-64
1782317031714,81.99497985839844,-64
1782317031724,84.0714111328125,-64
1782317031735,82.13013458251953,-64
1782317031746,80.93818664550781,-64
1782317031756,82.38774871826172,-64
1782317031767,81.77847290039062,-64
1782317031778,81.20642852783203,-64
1782317031788,82.41073608398438,-64
1782317031800,81.21199798583984,-64
1782317031814,82.0179672241211,-64
1782317031825,82.15379333496094,-64
1782317031836,81.21469116210938,-64
1782317031853,81.57707214355469,-64
1782317031865,81.68714904785156,-64
1782317031876,81.6811752319336,-64
1782317031889,82.31460571289062,-64
1782317031898,82.21910095214844,-64
1782317031909,82.16957092285156,-64
1782317031919,82.29763793945312,-64
1782317031932,82.17186737060547,-64
1782317031948,82.45668029785156,-64
1782317031960,82.07942199707031,-64
1782317031976,85.94306182861328,-64
1782317031987,84.54273986816406,-64
1782317031997,81.97486114501953,-64
1782317032009,81.80294036865234,-64
1782317032020,81.6474380493164,-64
1782317032031,83.40316772460938,-64
1782317032043,81.73249053955078,-64
1782317032054,82.47811889648438,-64
1782317032064,81.64916229248047,-64
1782317032075,81.9766845703125,-64
1782317032086,81.34883880615234,-64
1782317032098,82.86663055419922,-64
1782317032113,82.06008911132812,-64
1782317032120,81.36453247070312,-64
1782317032132,88.67974090576172,-63
1782317032142,82.94635772705078,-64
1782317032153,82.29529571533203,-64
1782317032164,81.21107482910156,-64
1782317032176,81.65853118896484,-64
1782317032186,82.07856750488281,-64
1782317032196,81.75870513916016,-64
1782317032207,81.70054626464844,-64
1782317032218,81.53466033935547,-64
1782317032229,84.9499740600586,-64
1782317032242,81.5243148803711,-64
1782317032252,81.5108642578125,-64
1782317032263,81.51134490966797,-64
1782317032273,81.95616912841797,-64
1782317032290,82.14300537109375,-64
1782317032301,81.6036605834961,-64
1782317032315,81.7568359375,-64
1782317032326,81.26232147216797,-64
1782317032338,80.65009307861328,-64
1782317032349,81.73965454101562,-64
1782317032360,81.91098022460938,-64
1782317032371,81.76856994628906,-64
1782317032382,81.81346130371094,-64
1782317032394,81.77067565917969,-64
1782317032404,82.6261215209961,-64
1782317032415,81.34870910644531,-64
1782317032437,83.81936645507812,-64
1782317032447,81.47456359863281,-64
1782317032460,82.07640838623047,-64
1782317032471,81.82455444335938,-64
1782317032481,82.27889251708984,-64
1782317032493,81.52291870117188,-64
1782317032503,80.40443420410156,-64
1782317032513,81.61369323730469,-64
1782317032524,81.8741683959961,-64
1782317032535,81.92994689941406,-64
1782317032547,82.45528411865234,-64
1782317032562,82.6795654296875,-64
1782317032571,82.31177520751953,-64
1782317032582,81.51457214355469,-64
1782317032593,83.15644073486328,-64
1782317032603,82.62669372558594,-64
1782317032614,81.48461151123047,-64
1782317032624,82.3379898071289,-64
1782317032638,81.67369079589844,-64
1782317032647,82.01372528076172,-64
1782317032658,81.4487533569336,-64
1782317032668,81.59381866455078,-64
1782317032679,81.46354675292969,-64
1782317032690,81.55001068115234,-64
1782317032701,81.0228042602539,-64
1782317032716,81.97551727294922,-64
1782317032728,81.75161743164062,-64
1782317032738,82.16211700439453,-64
1782317032750,82.03221130371094,-64
1782317032760,82.21558380126953,-64
1782317032777,81.98746490478516,-64
1782317032788,81.27783966064453,-64
1782317032799,81.03498840332031,-64
1782317032812,82.1382064819336,-64
1782317032822,82.3293228149414,-64
1782317032834,81.51079559326172,-64
1782317032844,81.87513732910156,-64
1782317032854,82.59331512451172,-64
1782317032869,81.76659393310547,-64
1782317032880,81.51680755615234,-64
1782317032890,81.48263549804688,-64
1782317032901,83.66455841064453,-64
1782317032913,81.0057601928711,-64
1782317032923,82.27275848388672,-64
1782317032934,81.69739532470703,-64
1782317032946,82.78118896484375,-64
1782317032958,81.78932189941406,-64
1782317032968,81.41873168945312,-64
1782317032979,82.73127746582031,-64
1782317032989,81.9826889038086,-64
1782317032999,82.40855407714844,-64
1782317033010,81.80093383789062,-64
1782317033021,81.80986785888672,-64
1782317033032,81.44540405273438,-64
1782317033050,83.46646881103516,-64
1782317033061,83.96637725830078,-64
1782317033072,81.36286926269531,-64
1782317033084,82.07151794433594,-64
1782317033094,81.0484848022461,-64
1782317033107,81.65791320800781,-64
1782317033117,81.82864379882812,-64
1782317033128,81.64250946044922,-64
1782317033139,81.28834533691406,-64
1782317033149,81.7109146118164,-64
1782317033159,81.65087127685547,-64
1782317033169,82.4940414428711,-64
1782317033181,81.03118896484375,-64
1782317033193,81.20974731445312,-64
1782317033203,82.15054321289062,-64
1782317033214,81.68260955810547,-64
1782317033226,80.1907730102539,-64
1782317033237,81.58809661865234,-64
1782317033248,81.7583236694336,-64
1782317033259,81.5411376953125,-64
1782317033270,81.62438201904297,-64
1782317033280,81.39079284667969,-64
1782317033291,80.7637710571289,-64
1782317033302,80.69637298583984,-64
1782317033313,83.25688171386719,-64
1782317033323,81.3988037109375,-64
1782317033334,81.66220092773438,-64
1782317033345,82.33002471923828,-64
1782317033356,82.02845001220703,-64
1782317033367,81.38125610351562,-64
1782317033378,82.24311065673828,-64
1782317033389,81.48548126220703,-64
1782317033401,80.91442108154297,-64
1782317033412,80.6170654296875,-64
1782317033423,81.40840911865234,-64
1782317033435,81.80579376220703,-64
1782317033445,81.72704315185547,-64
1782317033456,80.97625732421875,-64
1782317033467,82.32833099365234,-64
1782317033479,81.86536407470703,-64
1782317033489,82.22225952148438,-64
1782317033500,81.04156494140625,-64
1782317033510,81.75682067871094,-64
1782317033521,81.44915771484375,-64
1782317033532,81.42402648925781,-64
1782317033543,81.34332275390625,-64
1782317033554,81.11042022705078,-64
1782317033564,81.20379638671875,-64
1782317033576,81.2519760131836,-64
1782317033587,81.10053253173828,-64
1782317033598,81.53075408935547,-64
1782317033610,81.40575408935547,-64
1782317033620,81.48637390136719,-64
1782317033632,81.4530258178711,-64
1782317033643,82.24415588378906,-64
1782317033654,80.94644927978516,-64
1782317033664,81.11181640625,-64
1782317033675,81.7667007446289,-64
1782317033685,80.90546417236328,-64
1782317033696,81.3268051147461,-64
1782317033706,81.99220275878906,-64
1782317033718,80.56661987304688,-64
1782317033729,81.53228759765625,-64
1782317033740,81.5617904663086,-64
1782317033751,81.2068862915039,-64
1782317033763,81.84295654296875,-64
1782317033773,82.82238006591797,-64
1782317033785,81.92528533935547,-64
1782317033795,82.21682739257812,-64
1782317033806,81.2394790649414,-64
1782317033817,80.58181762695312,-64
1782317033836,82.04251098632812,-64
1782317033846,82.01364135742188,-64
1782317033858,81.45207977294922,-64
1782317033869,81.08751678466797,-64
1782317033881,84.96066284179688,-64
1782317033892,81.30223083496094,-64
1782317033903,82.1036376953125,-64
1782317033913,81.24409484863281,-64
1782317033925,81.28878784179688,-64
1782317033936,82.61820983886719,-64
1782317033947,81.35638427734375,-64
1782317033958,82.2912368774414,-64
1782317033968,81.86430358886719,-64
1782317033980,81.10275268554688,-64
1782317033991,80.62987518310547,-64
1782317034002,81.12545776367188,-64
1782317034013,81.76641845703125,-64
1782317034024,82.07323455810547,-64
1782317034035,80.92849731445312,-64
1782317034046,81.8716049194336,-64
1782317034057,81.86427307128906,-64
1782317034068,80.81897735595703,-64
1782317034079,80.57807922363281,-64
1782317034090,82.78570556640625,-64
1782317034101,81.7646255493164,-64
1782317034112,81.18128204345703,-64
1782317034123,81.86752319335938,-64
1782317034134,81.12254333496094,-64
1782317034144,80.36473083496094,-64
1782317034156,80.98941802978516,-64
1782317034166,81.72000885009766,-64
1782317034175,80.34687042236328,-64
1782317034186,83.17047882080078,-64
1782317034196,81.54829406738281,-64
1782317034207,81.16426086425781,-64
1782317034218,83.0312271118164,-64
1782317034229,82.1133041381836,-64
1782317034239,83.62956237792969,-64
1782317034250,81.15367889404297,-64
1782317034261,81.74795532226562,-64
1782317034272,81.42657470703125,-64
1782317034282,82.21000671386719,-64
1782317034292,82.34429931640625,-64
1782317034303,81.49566650390625,-64
1782317034314,81.18746948242188,-64
1782317034325,81.8603744506836,-64
1782317034336,80.91967010498047,-64
1782317034347,80.71368408203125,-64
1782317034357,81.98538208007812,-64
1782317034368,81.5197525024414,-64
1782317034378,81.16748809814453,-64
1782317034389,83.4966049194336,-64
1782317034399,81.40766906738281,-64
1782317034410,81.2291030883789,-64
1782317034420,81.3008041381836,-64
1782317034430,81.6047134399414,-64
1782317034442,81.14874267578125,-64
1782317034452,81.9814224243164,-64
1782317034464,81.9540786743164,-64
1782317034475,81.30158996582031,-64
1782317034486,81.42096710205078,-64
1782317034497,81.59754180908203,-64
1782317034508,81.4508285522461,-64
1782317034519,81.20806121826172,-64
1782317034530,82.3011474609375,-64
1782317034541,81.20307922363281,-64
1782317034552,81.5035400390625,-64
1782317034563,80.76753234863281,-64
1782317034581,81.31256103515625,-64
1782317034594,81.15991973876953,-64
1782317034604,81.69584655761719,-64
1782317034616,81.90135955810547,-64
1782317034628,82.4588394165039,-64
1782317034639,84.49674987792969,-64
1782317034651,81.38174438476562,-64
1782317034661,88.79186248779297,-64
1782317034672,82.4284439086914,-64
1782317034683,80.60037231445312,-64
1782317034701,81.88567352294922,-64
1782317034712,81.35952758789062,-64
1782317034723,80.32032012939453,-64
1782317034733,81.30722045898438,-64
1782317034744,81.27600860595703,-64
1782317034756,81.97200775146484,-64
1782317034766,81.59888458251953,-64
1782317034777,80.73181915283203,-64
1782317034788,80.98821258544922,-64
1782317034799,80.78082275390625,-64
1782317034809,81.28211212158203,-64
1782317034823,81.40068054199219,-64
1782317034835,82.3835220336914,-64
1782317034846,80.95389556884766,-64
1782317034857,80.55785369873047,-64
1782317034868,81.77190399169922,-64
1782317034879,82.2499771118164,-64
1782317034890,82.39921569824219,-64
1782317034901,81.80802917480469,-64
1782317034912,81.84075927734375,-64
1782317034923,81.10874938964844,-64
1782317034933,81.65204620361328,-64
1782317034945,81.59716796875,-64
1782317034956,84.29988098144531,-64
1782317034966,82.22860717773438,-64
1782317034977,81.47383117675781,-64
1782317034988,81.71137237548828,-64
1782317034999,82.83171081542969,-64
1782317035010,82.23104095458984,-64
1782317035021,80.77537536621094,-64
1782317035032,82.2961196899414,-64
1782317035043,81.63422393798828,-64
1782317035054,81.61278533935547,-64
1782317035065,81.80908966064453,-64
1782317035076,81.39911651611328,-64
1782317035088,81.39846801757812,-64
1782317035099,80.97843170166016,-64
1782317035111,83.3637466430664,-64
1782317035122,81.12749481201172,-64
1782317035132,81.5610580444336,-64
1782317035143,84.5174331665039,-64
1782317035155,83.76508331298828,-64
1782317035166,81.24239349365234,-64
1782317035177,80.63285827636719,-64
1782317035188,81.74720764160156,-64
1782317035198,81.06764221191406,-64
1782317035210,80.80249786376953,-64
1782317035225,83.07054901123047,-64
1782317035236,85.37786865234375,-64
1782317035246,80.9098129272461,-64
1782317035257,84.60722351074219,-64
1782317035268,80.9052734375,-64
1782317035280,80.8326644897461,-64
1782317035290,82.69181823730469,-64
1782317035301,81.71304321289062,-64
1782317035312,80.9079360961914,-64
1782317035322,82.15522766113281,-64
1782317035334,82.37183380126953,-64
1782317035344,81.4538803100586,-64
1782317035354,81.84765625,-64
1782317035373,81.34194946289062,-64
1782317035387,81.19721984863281,-64
1782317035398,81.27880096435547,-64
1782317035409,83.34553527832031,-64
1782317035420,81.77291870117188,-64
1782317035431,81.85193634033203,-64
1782317035441,82.00231170654297,-64
1782317035452,82.16036224365234,-64
1782317035464,81.26876831054688,-64
1782317035475,81.7729263305664,-64
1782317035486,81.6698989868164,-64
1782317035496,81.56481170654297,-64
1782317035507,81.60653686523438,-64
1782317035517,81.8819580078125,-64
1782317035531,80.32125854492188,-64
1782317035542,81.49140930175781,-64
1782317035552,81.54979705810547,-64
1782317035563,84.74932098388672,-64
1782317035578,80.5182113647461,-64
1782317035589,81.85950469970703,-64
1782317035600,80.90255737304688,-64
1782317035611,81.03792572021484,-64
1782317035622,80.98243713378906,-64
1782317035632,81.63306427001953,-64
1782317035643,81.81929016113281,-64
1782317035654,80.80445098876953,-64
1782317035665,84.19705963134766,-64
1782317035678,82.5595703125,-64
1782317035690,80.63375854492188,-64
1782317035701,81.8111572265625,-64
1782317035713,83.59822082519531,-64
1782317035724,81.5736083984375,-64
1782317035736,81.85686492919922,-64
1782317035748,82.1491470336914,-64
1782317035761,81.09954071044922,-64
1782317035772,81.10388946533203,-64
1782317035783,81.34325408935547,-64
1782317035793,81.80008697509766,-64
1782317035803,81.85652923583984,-64
1782317035815,81.61009216308594,-64
1782317035826,80.9314193725586,-64
1782317035839,81.24646759033203,-64
1782317035849,81.9500732421875,-64
1782317035861,80.9680404663086,-64
1782317035871,81.40337371826172,-64
1782317035881,81.12323760986328,-64
1782317035893,81.8684310913086,-64
1782317035903,82.45653533935547,-64
1782317035914,81.39154815673828,-64
1782317035926,81.80518341064453,-64
1782317035937,82.16082763671875,-64
1782317035948,81.11298370361328,-64
1782317035958,80.35411834716797,-64
1782317035969,80.87477111816406,-64
1782317035981,81.30329895019531,-64
1782317035992,80.9063720703125,-64
1782317036003,81.60124206542969,-64
1782317036013,81.38592529296875,-64
1782317036025,81.7217788696289,-64
1782317036035,81.20744323730469,-64
1782317036047,81.0798568725586,-64
1782317036058,80.88041687011719,-64
1782317036068,81.19432067871094,-64
1782317036079,81.2104263305664,-64
1782317036091,81.66873931884766,-64
1782317036102,85.75399780273438,-64
1782317036113,82.98332214355469,-64
1782317036124,81.45569610595703,-64
1782317036136,81.40658569335938,-64
1782317036146,80.79242706298828,-64
1782317036156,81.32333374023438,-64
1782317036166,80.93596649169922,-64
1782317036177,80.86144256591797,-64
1782317036190,80.32489013671875,-64
1782317036200,81.39476013183594,-64
1782317036211,81.75957489013672,-64
1782317036221,82.01956176757812,-64
1782317036232,80.89411163330078,-64
1782317036245,82.38990783691406,-64
1782317036256,80.95917510986328,-64
1782317036268,81.4822006225586,-64
1782317036279,81.20515441894531,-64
1782317036291,81.8972396850586,-64
1782317036301,81.55941009521484,-64
1782317036313,81.36609649658203,-64
1782317036324,81.53521728515625,-64
1782317036336,81.87386322021484,-64
1782317036347,81.34913635253906,-64
1782317036358,81.24202728271484,-64
1782317036368,80.68537902832031,-64
1782317036379,81.19084167480469,-64
1782317036390,80.57538604736328,-64
1782317036401,81.8753433227539,-64
1782317036412,81.7468032836914,-64
1782317036425,82.2282485961914,-64
1782317036435,82.82890319824219,-64
1782317036446,81.64264678955078,-64
1782317036456,80.35015106201172,-64
1782317036468,82.0493392944336,-64
1782317036479,82.20159912109375,-64
1782317036490,80.98950958251953,-64
1782317036501,81.0679931640625,-64
1782317036513,81.88624572753906,-64
1782317036523,80.64497375488281,-64
1782317036534,81.0330810546875,-64
1782317036545,82.1573715209961,-64
1782317036556,79.8779067993164,-64
1782317036567,81.22515869140625,-64
1782317036578,81.20355987548828,-64
1782317036589,83.87220001220703,-64
1782317036600,80.74266052246094,-64
1782317036620,81.68596649169922,-64
1782317036632,80.56175231933594,-64
1782317036643,80.47879028320312,-64
1782317036654,81.67073822021484,-64
1782317036669,80.0723648071289,-64
1782317036679,81.33238983154297,-64
1782317036690,80.96051788330078,-64
1782317036701,80.56431579589844,-64
1782317036712,81.2325210571289,-64
1782317036723,81.16195678710938,-64
1782317036734,81.23075866699219,-64
1782317036745,83.7890396118164,-64
1782317036756,81.21527862548828,-64
1782317036766,81.31171417236328,-64
1782317036777,80.45028686523438,-64
1782317036788,80.35909271240234,-64
1782317036799,81.28412628173828,-64
1782317036810,81.06180572509766,-64
1782317036820,81.64326477050781,-64
1782317036832,80.94671630859375,-64
1782317036842,81.51017761230469,-64
1782317036853,82.16998291015625,-64
1782317036864,82.43003845214844,-64
1782317036875,80.36542510986328,-64
1782317036886,81.11376190185547,-64
1782317036897,82.51499938964844,-64
1782317036907,80.80189514160156,-64
1782317036924,81.13079833984375,-64
1782317036934,81.06814575195312,-64
1782317036948,81.37767028808594,-64
1782317036964,81.54708099365234,-64
1782317036975,81.34121704101562,-64
1782317036986,81.45767211914062,-64
1782317036997,81.21919250488281,-64
1782317037008,81.23255920410156,-64
1782317037018,80.5980453491211,-64
1782317037030,81.29466247558594,-64
1782317037040,80.99886322021484,-64
1782317037051,83.6266098022461,-64
1782317037061,91.63704681396484,-63
1782317037071,81.58342742919922,-64
1782317037082,81.84736633300781,-64
1782317037093,81.10319519042969,-64
1782317037104,80.55741882324219,-64
1782317037114,80.63786315917969,-64
1782317037125,80.8970947265625,-64
1782317037136,81.6536865234375,-64
1782317037147,81.20109558105469,-64
1782317037158,81.9337158203125,-64
1782317037177,81.03718566894531,-64
1782317037190,81.20207214355469,-64
1782317037201,84.11532592773438,-64
1782317037212,80.91041564941406,-64
1782317037225,80.67089080810547,-64
1782317037236,81.1031494140625,-64
1782317037246,81.48369598388672,-64
1782317037256,81.27210235595703,-64
1782317037267,81.68379211425781,-64
1782317037278,82.13599395751953,-64
1782317037289,81.04107666015625,-64
1782317037300,79.90191650390625,-64
1782317037311,81.84928894042969,-64
1782317037322,81.51055908203125,-64
1782317037333,82.94750213623047,-64
1782317037343,81.20248413085938,-64
1782317037355,82.18606567382812,-64
1782317037365,81.28841400146484,-64
1782317037377,81.26071166992188,-64
1782317037388,81.37899017333984,-64
1782317037400,81.72238159179688,-64
1782317037411,80.66557312011719,-64
1782317037422,80.80609893798828,-64
1782317037431,81.29442596435547,-64
1782317037442,81.69115447998047,-64
1782317037453,83.42378234863281,-64
1782317037464,81.36100769042969,-64
1782317037477,81.47888946533203,-64
1782317037488,81.32896423339844,-64
1782317037499,81.27698516845703,-64
1782317037521,81.15318298339844,-64
1782317037531,81.67089080810547,-64
1782317037543,81.94481658935547,-64
1782317037555,80.9912109375,-64
1782317037566,80.92013549804688,-64
1782317037577,81.37496948242188,-64
1782317037588,81.23849487304688,-64
1782317037598,81.83271789550781,-64
1782317037609,81.60633087158203,-64
1782317037620,81.79854583740234,-64
1782317037631,80.59136199951172,-64
1782317037643,81.2769546508789,-64
1782317037654,82.04895782470703,-64
1782317037664,80.7690200805664,-64
1782317037675,82.23307800292969,-64
1782317037686,82.09432220458984,-64
1782317037697,81.36400604248047,-64
1782317037707,81.53162384033203,-64
1782317037718,81.59178161621094,-64
1782317037729,82.16995239257812,-64
1782317037740,80.95751190185547,-64
1782317037750,81.2109603881836,-64
1782317037763,81.25504302978516,-64
1782317037774,80.8625259399414,-64
1782317037785,81.36714172363281,-64
1782317037796,80.02447509765625,-64
1782317037806,80.7343521118164,-64
1782317037818,81.26834106445312,-64
1782317037834,81.76721954345703,-64
1782317037845,81.56733703613281,-64
1782317037850,81.14311981201172,-64
1782317037861,81.07855987548828,-64
1782317037871,82.32243347167969,-64
1782317037882,81.0077896118164,-64
1782317037893,81.55001831054688,-64
1782317037904,81.10149383544922,-64
1782317037914,84.39046478271484,-64
1782317037925,81.89895629882812,-64
1782317037936,80.24626159667969,-64
1782317037947,82.16259765625,-64
1782317037958,82.06932830810547,-64
1782317037969,81.56004333496094,-64
1782317037990,81.54242706298828,-64
1782317038001,81.41240692138672,-64
1782317038011,82.28251647949219,-64
1782317038022,80.8001480102539,-64
1782317038032,81.15612030029297,-64
1782317038044,81.02674102783203,-64
1782317038054,81.60730743408203,-64
1782317038067,81.7259521484375,-64
1782317038078,83.05596923828125,-64
1782317038089,82.47252655029297,-64
1782317038099,81.73109436035156,-64
1782317038109,81.76080322265625,-64
1782317038120,81.00614929199219,-64
1782317038130,80.98393249511719,-64
1782317038141,81.38714599609375,-64
1782317038152,81.23841094970703,-64
1782317038163,81.09597778320312,-64
1782317038174,81.27555847167969,-64
1782317038185,80.66997528076172,-64
1782317038201,81.23110961914062,-64
1782317038211,80.65308380126953,-64
1782317038222,83.69583129882812,-64
1782317038236,80.7265396118164,-64
1782317038247,80.9375228881836,-64
1782317038258,81.03547668457031,-64
1782317038268,82.02214050292969,-64
1782317038279,81.1858139038086,-64
1782317038290,81.68067169189453,-64
1782317038301,80.97853088378906,-64
1782317038311,80.8290786743164,-64
1782317038322,81.0584945678711,-64
1782317038333,81.30685424804688,-64
1782317038343,81.2359390258789,-64
1782317038357,80.90182495117188,-64
1782317038367,82.19320678710938,-64
1782317038377,82.3720703125,-64
1782317038389,81.63050842285156,-64
1782317038400,82.6343002319336,-64
1782317038410,81.18880462646484,-64
1782317038420,80.74895477294922,-64
1782317038432,81.47380065917969,-64
1782317038443,80.88105773925781,-64
1782317038453,80.98519897460938,-64
1782317038465,81.04410552978516,-64
1782317038476,80.90141296386719,-64
1782317038487,81.28912353515625,-64
1782317038499,81.88648223876953,-64
1782317038509,81.32907104492188,-64
1782317038521,81.20928192138672,-64
1782317038531,81.7610855102539,-64
1782317038543,85.7956771850586,-64
1782317038554,80.95238494873047,-64
1782317038565,82.31039428710938,-64
1782317038576,80.81019592285156,-64
1782317038587,80.86988067626953,-64
1782317038600,80.89239501953125,-64
1782317038611,80.15159606933594,-64
1782317038622,80.17172241210938,-64
1782317038632,80.07649993896484,-64
1782317038644,81.46121215820312,-64
1782317038656,81.2218246459961,-64
1782317038665,80.8776626586914,-64
1782317038676,80.97333526611328,-64
1782317038689,81.17548370361328,-64
1782317038700,81.2197265625,-64
1782317038711,81.05342102050781,-64
1782317038722,82.47742462158203,-64
1782317038732,81.4936294555664,-64
1782317038743,81.77796936035156,-64
1782317038754,81.44137573242188,-64
1782317038764,80.86865997314453,-64
1782317038776,81.4830322265625,-64
1782317038787,83.96575927734375,-64
1782317038798,81.78759002685547,-64
1782317038809,81.3207778930664,-64
1782317038820,80.08052062988281,-64
1782317038832,80.3723373413086,-64
1782317038843,80.96952056884766,-64
1782317038854,81.31130981445312,-64
1782317038865,81.3963851928711,-64
1782317038876,80.70252227783203,-64
1782317038887,81.11082458496094,-64
1782317038899,80.81987762451172,-64
1782317038909,81.82018280029297,-64
1782317038920,82.1756820678711,-64
1782317038930,81.69229888916016,-64
1782317038941,84.26118469238281,-64
1782317038952,81.69865417480469,-64
1782317038963,80.70309448242188,-64
1782317038973,80.12129974365234,-64
1782317038984,80.53302001953125,-64
1782317038995,82.39097595214844,-64
1782317039006,80.93910217285156,-64
1782317039017,81.20059204101562,-64
1782317039028,81.72002410888672,-64
1782317039039,81.11251068115234,-64
1782317039050,81.76082611083984,-64
1782317039062,81.65299224853516,-64
1782317039072,82.71947479248047,-64
1782317039090,79.8966064453125,-64
1782317039096,84.29591369628906,-64
1782317039107,81.98927307128906,-64
1782317039118,81.01143646240234,-64
1782317039129,80.3141860961914,-64
1782317039140,81.0235595703125,-64
1782317039150,82.32267761230469,-64
1782317039162,79.90386962890625,-64
1782317039173,80.99523162841797,-64
1782317039184,80.85681915283203,-64
1782317039194,80.90570831298828,-64
1782317039206,81.81668090820312,-64
1782317039217,81.42998504638672,-64
1782317039228,81.00720977783203,-64
1782317039239,81.47356414794922,-64
1782317039250,81.70011901855469,-64
1782317039261,81.00801086425781,-64
1782317039272,81.13955688476562,-64
1782317039283,80.58250427246094,-64
1782317039293,81.2607192993164,-64
1782317039309,81.9506607055664,-64
1782317039320,81.33702850341797,-64
1782317039330,81.10221099853516,-64
1782317039341,82.26136779785156,-64
1782317039352,80.74833679199219,-64
1782317039363,81.8353042602539,-64
1782317039374,81.64224243164062,-64
1782317039385,81.13035583496094,-64
1782317039396,80.45651245117188,-64
1782317039406,81.41923522949219,-64
1782317039417,80.93421936035156,-64
1782317039428,80.7797622680664,-64
1782317039439,82.05267333984375,-64
1782317039451,81.4305648803711,-64
1782317039461,81.17789459228516,-64
1782317039473,80.81731414794922,-64
1782317039484,81.89055633544922,-64
1782317039494,82.12218475341797,-64
1782317039506,80.86162567138672,-64
1782317039517,82.21080780029297,-64
1782317039527,81.22198486328125,-64
1782317039538,81.31621551513672,-64
1782317039549,80.91825103759766,-64
1782317039561,81.72614288330078,-64
1782317039572,82.43157958984375,-64
1782317039582,80.95191192626953,-64
1782317039593,81.8540267944336,-64
1782317039604,81.3243179321289,-64
1782317039615,80.5861587524414,-64
1782317039626,81.5328140258789,-64
1782317039636,80.52536010742188,-64
1782317039648,81.71188354492188,-64
1782317039658,80.9988021850586,-64
1782317039669,81.61337280273438,-64
1782317039680,81.4512710571289,-64
1782317039690,82.33612823486328,-64
1782317039702,81.07133483886719,-64
1782317039714,83.23214721679688,-64
1782317039726,81.4411392211914,-64
1782317039736,81.66203308105469,-64
1782317039747,82.08881378173828,-64
1782317039758,81.28341674804688,-64
1782317039769,80.6274185180664,-64
1782317039779,81.91961669921875,-64
1782317039791,79.81428527832031,-64
1782317039802,80.92249298095703,-64
1782317039812,79.96765899658203,-64
1782317039823,81.8028335571289,-64
1782317039834,81.49006652832031,-64
1782317039846,80.6353530883789,-64
1782317039856,80.9809341430664,-64
1782317039867,80.78256225585938,-64
1782317039878,81.24735260009766,-64
1782317039890,81.02377319335938,-64
1782317039901,81.27308654785156,-64
1782317039912,80.43862915039062,-64
1782317039923,81.1933364868164,-64
1782317039935,81.48151397705078,-64
1782317039946,81.53376007080078,-64
1782317039957,81.93038177490234,-64
1782317039968,81.06307983398438,-64
1782317039978,81.18950653076172,-64
1782317039989,80.87340545654297,-64
1782317039999,82.10041809082031,-64
1782317040010,81.15960693359375,-64
1782317040022,82.44866943359375,-64
1782317040033,81.57840728759766,-64
1782317040044,81.74551391601562,-64
1782317040055,89.1497802734375,-63
1782317040067,80.63377380371094,-64
1782317040078,81.69977569580078,-64
1782317040089,80.62477111816406,-63
1782317040100,81.74297332763672,-64
1782317040111,81.32305145263672,-64
1782317040122,82.0395736694336,-64
1782317040133,81.68792724609375,-64
1782317040144,81.33932495117188,-64
1782317040154,80.7732925415039,-64
1782317040164,81.3117904663086,-64
1782317040175,81.0362777709961,-64
1782317040187,80.9544677734375,-64
1782317040197,80.4971694946289,-64
1782317040208,79.94660949707031,-64
1782317040219,81.78240966796875,-64
1782317040231,80.83912658691406,-64
1782317040249,81.29010772705078,-64
1782317040259,80.55058288574219,-64
1782317040270,82.09066772460938,-64
1782317040282,81.14852905273438,-64
1782317040294,80.36402893066406,-64
1782317040304,81.89154815673828,-64
1782317040322,81.65266418457031,-64
1782317040333,81.83367919921875,-64
1782317040344,80.53302001953125,-64
1782317040359,81.5553970336914,-64
1782317040369,81.04198455810547,-64
1782317040380,80.21082305908203,-64
1782317040392,81.31546020507812,-64
1782317040404,82.48347473144531,-64
1782317040421,81.81568908691406,-64
1782317040433,82.0910415649414,-64
1782317040447,80.8459243774414,-64
1782317040458,81.64704895019531,-64
1782317040470,81.37134552001953,-64
1782317040481,80.62049102783203,-64
1782317040492,81.76910400390625,-64
1782317040503,80.2601089477539,-64
1782317040514,79.85920715332031,-64
1782317040524,82.12297821044922,-64
1782317040536,81.4187240600586,-64
1782317040546,81.48715209960938,-64
1782317040556,81.38473510742188,-64
1782317040568,80.95953369140625,-64
1782317040579,82.69914245605469,-64
1782317040591,81.61405944824219,-64
1782317040601,80.84912872314453,-64
1782317040613,80.4651870727539,-64
1782317040625,81.10314178466797,-64
1782317040635,81.01396179199219,-64
1782317040646,81.2696762084961,-64
1782317040656,81.9708251953125,-64
1782317040666,80.83879089355469,-64
1782317040677,81.8392562866211,-64
1782317040694,82.02043151855469,-64
1782317040705,81.5564956665039,-64
1782317040716,81.8150863647461,-64
1782317040727,80.54032135009766,-64
1782317040739,81.74315643310547,-64
1782317040749,80.85929870605469,-64
1782317040759,80.87702178955078,-64
1782317040770,81.94915771484375,-64
1782317040782,82.14103698730469,-64
1782317040794,82.1688232421875,-64
1782317040805,81.68659973144531,-64
1782317040817,80.78761291503906,-64
1782317040828,81.28938293457031,-64
1782317040838,81.38175201416016,-64
1782317040850,80.3052749633789,-64
1782317040862,81.93621826171875,-64
1782317040872,80.61314392089844,-64
1782317040883,81.57469177246094,-64
1782317040894,82.5345687866211,-64
1782317040904,80.64917755126953,-64
1782317040915,81.13399505615234,-64
1782317040927,81.66576385498047,-64
1782317040937,83.83671569824219,-64
1782317040948,80.4620590209961,-64
1782317040960,80.82379913330078,-64
1782317040971,81.26856994628906,-64
1782317040982,80.97298431396484,-64
1782317040993,80.98600769042969,-64
1782317041004,81.6116714477539,-64
1782317041015,81.31362915039062,-64
1782317041026,81.09333801269531,-64
1782317041036,81.15564727783203,-64
1782317041047,81.0535659790039,-64
1782317041058,81.01350402832031,-64
1782317041068,81.13450622558594,-64
1782317041080,81.26763153076172,-64
1782317041091,85.54743957519531,-64
1782317041101,81.39153289794922,-64
1782317041112,80.87228393554688,-64
1782317041123,82.08533477783203,-64
1782317041134,81.18721771240234,-64
1782317041146,80.08208465576172,-64
1782317041156,81.48461151123047,-64
1782317041167,80.76034545898438,-64
1782317041179,81.30150604248047,-64
1782317041190,81.96548461914062,-64
1782317041200,83.02239227294922,-64
1782317041210,81.21287536621094,-64
1782317041221,81.49457550048828,-64
1782317041231,81.42496490478516,-64
1782317041242,81.21963500976562,-64
1782317041253,81.19668579101562,-64
1782317041263,80.21175384521484,-64
1782317041273,80.64080810546875,-64
1782317041283,80.38349914550781,-64
1782317041294,82.40380859375,-64
1782317041305,80.85221862792969,-64
1782317041323,81.8121109008789,-64
1782317041336,81.3638916015625,-64
1782317041347,83.10474395751953,-64
1782317041358,81.2647476196289,-64
1782317041373,81.27879333496094,-64
1782317041382,81.45545196533203,-64
1782317041390,81.38597869873047,-64
1782317041402,81.4182357788086,-64
1782317041413,81.13036346435547,-64
1782317041425,80.79801940917969,-64
1782317041437,82.52384948730469,-64
1782317041448,84.16777801513672,-64
1782317041458,81.23289489746094,-64
1782317041479,81.24755096435547,-64
1782317041491,79.91143798828125,-64
1782317041502,80.96900939941406,-64
1782317041513,81.69258880615234,-64
1782317041524,80.89286804199219,-64
1782317041535,81.71588897705078,-64
1782317041546,80.37808990478516,-64
1782317041557,82.13859558105469,-64
1782317041574,81.63825988769531,-64
1782317041585,80.86295318603516,-64
1782317041595,80.76569366455078,-64
1782317041606,80.6729736328125,-64
1782317041617,80.82379913330078,-64
1782317041629,79.33956146240234,-64
1782317041640,81.56446075439453,-64
1782317041650,80.47493743896484,-64
1782317041660,82.22669219970703,-64
1782317041671,81.55419158935547,-64
1782317041682,81.1874008178711,-64
1782317041693,81.18092346191406,-64
1782317041704,80.6307601928711,-64
1782317041715,81.07539367675781,-64
1782317041725,81.98089599609375,-64
1782317041736,81.06578063964844,-64
1782317041747,81.66154479980469,-64
1782317041759,80.30638122558594,-64
1782317041769,80.65422821044922,-64
1782317041779,81.92279052734375,-64
1782317041790,80.8218765258789,-64
1782317041801,81.47512817382812,-64
1782317041813,81.64857482910156,-64
1782317041824,81.01622772216797,-64
1782317041836,81.14795684814453,-64
1782317041847,81.39726257324219,-64
1782317041857,81.70233917236328,-64
1782317041869,81.42987060546875,-64
1782317041880,81.13274383544922,-64
1782317041891,81.2358627319336,-64
1782317041902,81.4236831665039,-64
1782317041913,83.02983093261719,-64
1782317041923,80.65141296386719,-64
1782317041934,81.09265899658203,-64
1782317041944,80.5478286743164,-64
1782317041955,81.76227569580078,-64
1782317041966,80.7353744506836,-64
1782317041976,81.00971221923828,-64
1782317041987,80.87150573730469,-64
1782317041999,81.33452606201172,-64
1782317042009,81.14278411865234,-64
1782317042020,80.79129791259766,-64
1782317042032,81.30656433105469,-64
1782317042043,81.0024642944336,-64
1782317042054,80.74829864501953,-64
1782317042065,83.25302124023438,-64
1782317042077,81.7095947265625,-64
1782317042088,81.52433776855469,-64
1782317042100,80.74673461914062,-64
1782317042110,81.86328125,-64
1782317042121,79.99600219726562,-64
1782317042132,82.43293762207031,-64
1782317042143,80.45941162109375,-64
1782317042159,80.37342071533203,-64
1782317042170,80.06886291503906,-64
1782317042182,79.96830749511719,-64
1782317042193,80.31140899658203,-64
1782317042205,80.45691680908203,-64
1782317042216,80.53046417236328,-64
1782317042227,82.00911712646484,-64
1782317042238,80.32987213134766,-64
1782317042248,80.43122100830078,-64
1782317042259,80.64128112792969,-64
1782317042271,79.98440551757812,-64
1782317042281,80.10994720458984,-64
1782317042293,81.35491943359375,-64
1782317042304,80.79085540771484,-64
1782317042316,80.70394897460938,-64
1782317042326,81.31974792480469,-64
1782317042337,81.7437515258789,-64
1782317042348,80.66886138916016,-64
1782317042361,81.0245590209961,-64
1782317042372,82.37992858886719,-64
1782317042382,81.00068664550781,-64
1782317042393,80.64305877685547,-64
1782317042403,81.36901092529297,-64
1782317042414,81.11165618896484,-64
1782317042424,80.5245590209961,-64
1782317042437,81.5977554321289,-64
1782317042447,80.96443939208984,-64
1782317042459,81.39506530761719,-64
1782317042470,80.82225036621094,-64
1782317042481,80.50836181640625,-64
1782317042495,81.4214859008789,-64
1782317042506,80.65540313720703,-64
1782317042517,81.28343200683594,-64
1782317042528,83.8671646118164,-64
1782317042539,80.74261474609375,-64
1782317042549,81.54266357421875,-64
1782317042560,80.77853393554688,-64
1782317042571,81.15097045898438,-64
1782317042582,80.89996337890625,-64
1782317042593,81.25458526611328,-64
1782317042604,80.45706176757812,-64
1782317042615,80.18917846679688,-64
1782317042625,80.89849090576172,-64
1782317042635,81.66893768310547,-64
1782317042646,81.77474212646484,-64
1782317042658,80.8421401977539,-64
1782317042670,81.80697631835938,-64
1782317042681,83.10414123535156,-64
1782317042693,81.25664520263672,-64
1782317042705,81.14093017578125,-64
1782317042716,81.58889770507812,-64
1782317042726,81.36944580078125,-64
1782317042737,80.64570617675781,-64
1782317042749,80.86647033691406,-64
1782317042760,81.12164306640625,-64
1782317042771,80.74911499023438,-64
1782317042783,82.31366729736328,-64
1782317042794,80.96611022949219,-64
1782317042805,81.52172088623047,-64
1782317042816,80.53628540039062,-64
1782317042826,81.58345031738281,-64
1782317042840,80.56116485595703,-64
1782317042850,79.62704467773438,-64
1782317042861,81.27854919433594,-64
1782317042872,81.4593505859375,-64
1782317042884,81.22110748291016,-64
1782317042894,82.51158142089844,-64
1782317042906,80.62834167480469,-64
1782317042916,81.47994995117188,-64
1782317042927,80.49483489990234,-64
1782317042938,81.29573822021484,-64
1782317042950,80.71511840820312,-64
1782317042960,81.72161865234375,-64
1782317042971,80.802734375,-64
1782317042982,81.12483978271484,-64
1782317042992,80.97355651855469,-64
1782317043002,80.91485595703125,-64
1782317043014,81.17236328125,-64
1782317043024,81.6734390258789,-64
1782317043036,80.54385375976562,-64
1782317043047,82.27201843261719,-64
1782317043061,81.52992248535156,-64
1782317043077,80.43832397460938,-64
1782317043088,81.39222717285156,-64
1782317043099,80.32423400878906,-64
1782317043110,81.67568969726562,-64
1782317043121,80.56263732910156,-64
1782317043131,81.32996368408203,-64
1782317043142,80.47372436523438,-64
1782317043152,81.24873352050781,-64
1782317043163,81.66741943359375,-64
1782317043174,80.80896759033203,-64
1782317043185,80.94657135009766,-64
1782317043196,80.90894317626953,-64
1782317043213,80.3289794921875,-64
1782317043224,81.12504577636719,-64
1782317043235,81.34456634521484,-64
1782317043245,82.41744995117188,-64
1782317043257,81.14059448242188,-64
1782317043269,81.29768371582031,-64
1782317043283,80.94316101074219,-64
1782317043295,82.06505584716797,-64
1782317043307,80.45624542236328,-64
1782317043318,80.60728454589844,-64
1782317043329,80.30561065673828,-64
1782317043339,80.71185302734375,-64
1782317043351,81.61152648925781,-64
1782317043362,80.57846069335938,-64
1782317043373,81.33700561523438,-64
1782317043385,81.17619323730469,-64
1782317043395,82.13076782226562,-64
1782317043406,80.59089660644531,-64
1782317043417,80.19010162353516,-64
1782317043428,81.11162567138672,-64
1782317043440,81.73011779785156,-64
1782317043450,81.03443145751953,-64
1782317043461,81.45529174804688,-64
1782317043472,81.64839172363281,-64
1782317043482,81.31375885009766,-64
1782317043492,80.6529541015625,-64
1782317043503,80.40808868408203,-64
1782317043519,82.47065734863281,-64
1782317043530,81.24325561523438,-64
1782317043542,80.29560089111328,-64
1782317043552,83.63973999023438,-64
1782317043563,80.8594741821289,-64
1782317043574,80.66154479980469,-64
1782317043585,80.74935150146484,-64
1782317043594,80.71513366699219,-64
1782317043605,80.49140167236328,-64
1782317043616,80.76854705810547,-64
1782317043627,80.37006378173828,-64
1782317043638,82.00304412841797,-64
1782317043648,79.83466339111328,-64
1782317043660,81.41905975341797,-64
1782317043671,80.46665954589844,-64
1782317043683,81.48164367675781,-64
1782317043693,81.23560333251953,-64
1782317043704,81.80258178710938,-64
1782317043716,81.12671661376953,-64
1782317043729,81.28185272216797,-64
1782317043741,81.08108520507812,-64
1782317043759,80.29798126220703,-64
1782317043769,81.27484893798828,-64
1782317043779,82.07012939453125,-64
1782317043791,80.50817108154297,-64
1782317043802,82.0916976928711,-64
1782317043813,81.61524200439453,-64
1782317043824,79.98116302490234,-64
1782317043836,81.40506744384766,-64
1782317043847,80.61720275878906,-64
1782317043859,80.71267700195312,-64
1782317043870,82.62181854248047,-64
1782317043881,80.6370620727539,-64
1782317043892,79.77552032470703,-64
1782317043902,80.57302856445312,-64
1782317043913,81.16571807861328,-64
1782317043924,80.7344741821289,-64
1782317043935,80.94641876220703,-64
1782317043947,82.34781646728516,-64
1782317043957,80.40831756591797,-64
1782317043967,81.53075408935547,-64
1782317043978,81.37179565429688,-64
1782317043989,80.57001495361328,-64
1782317044000,81.56819152832031,-64
1782317044010,80.92464447021484,-64
1782317044022,82.9468994140625,-64
1782317044033,80.18256378173828,-64
1782317044044,81.03197479248047,-64
1782317044055,81.95340728759766,-64
1782317044065,81.09945678710938,-64
1782317044075,81.12435150146484,-64
1782317044086,81.83623504638672,-64
1782317044097,80.5115737915039,-64
1782317044108,80.5246810913086,-64
1782317044120,81.03001403808594,-64
1782317044130,81.36148071289062,-64
1782317044142,80.78108215332031,-64
1782317044153,80.99889373779297,-64
1782317044163,80.58650207519531,-64
1782317044174,83.31454467773438,-64
1782317044184,81.30372619628906,-64
1782317044195,80.75647735595703,-64
1782317044206,82.20125579833984,-64
1782317044217,82.44818878173828,-64
1782317044228,80.36404418945312,-64
1782317044239,81.83416748046875,-64
1782317044251,81.55622863769531,-64
1782317044262,80.90283203125,-64
1782317044273,82.35971069335938,-64
1782317044284,81.3196029663086,-64
1782317044295,80.57891082763672,-64
1782317044306,81.23774719238281,-64
1782317044316,80.85375213623047,-64
1782317044327,83.76013946533203,-64
1782317044338,79.9846420288086,-64
1782317044350,81.24858093261719,-64
1782317044362,81.15158081054688,-64
1782317044373,80.08690643310547,-64
1782317044384,82.03250122070312,-64
1782317044394,82.55916595458984,-64
1782317044406,80.86587524414062,-64
1782317044417,80.36677551269531,-64
1782317044427,84.05699920654297,-64
1782317044438,81.11934661865234,-64
1782317044448,80.74781799316406,-64
1782317044460,81.55046081542969,-64
1782317044470,81.00144958496094,-64
1782317044484,81.14215087890625,-64
1782317044495,80.51458740234375,-64
1782317044506,80.39403533935547,-64
1782317044517,81.63381958007812,-64
1782317044527,80.6460952758789,-64
1782317044545,80.28205871582031,-64
1782317044556,81.60469055175781,-64
1782317044567,80.52310943603516,-64
1782317044578,82.49055480957031,-64
1782317044589,80.4445571899414,-64
1782317044599,82.10929870605469,-64
1782317044611,80.97298431396484,-64
1782317044622,81.73075103759766,-64
1782317044632,80.83399200439453,-64
1782317044643,80.91719818115234,-64
1782317044655,80.32499694824219,-64
1782317044666,81.6639175415039,-64
1782317044677,80.28767395019531,-64
1782317044688,80.28549194335938,-64
1782317044699,82.75968170166016,-64
1782317044709,81.2282943725586,-64
1782317044720,80.89146423339844,-64
1782317044731,81.01111602783203,-64
1782317044742,80.45179748535156,-64
1782317044753,81.33768463134766,-64
1782317044763,80.24220275878906,-64
1782317044774,81.87519836425781,-64
1782317044786,81.57028198242188,-64
1782317044801,81.65264892578125,-64
1782317044812,80.3000259399414,-64
1782317044824,80.35552978515625,-64
1782317044835,80.69800567626953,-64
1782317044854,81.37844848632812,-64
1782317044861,81.85030364990234,-64
1782317044873,81.19215393066406,-64
1782317044884,82.02264404296875,-64
1782317044894,81.89608764648438,-64
1782317044905,80.7053451538086,-64
1782317044916,80.2842025756836,-64
1782317044927,80.61780548095703,-64
1782317044938,82.33531951904297,-64
1782317044949,81.24317932128906,-64
1782317044960,81.17582702636719,-64
1782317044976,80.10176849365234,-64
1782317044990,81.19454193115234,-64
1782317045002,81.29417419433594,-64
1782317045013,80.97735595703125,-64
1782317045024,81.48200225830078,-64
1782317045034,83.19099426269531,-64
1782317045045,80.55525207519531,-64
1782317045056,81.14775085449219,-64
1782317045074,80.75523376464844,-64
1782317045077,81.09585571289062,-64
1782317045087,81.77684783935547,-64
1782317045099,80.6939697265625,-64
1782317045110,80.97681427001953,-64
1782317045125,80.62779235839844,-64
1782317045137,81.95822143554688,-64
1782317045147,80.88676452636719,-64
1782317045158,81.06324005126953,-64
1782317045168,81.07186889648438,-64
1782317045180,81.4200668334961,-64
1782317045190,81.21178436279297,-64
1782317045203,81.89602661132812,-64
1782317045213,81.60474395751953,-64
1782317045224,81.21260070800781,-64
1782317045234,82.25221252441406,-64
1782317045245,80.66128540039062,-64
1782317045256,81.10810852050781,-64
1782317045267,81.02272033691406,-64
1782317045278,80.2881088256836,-64
1782317045289,80.70716857910156,-64
1782317045299,81.08367919921875,-64
1782317045310,81.59439086914062,-64
1782317045322,81.45848846435547,-64
1782317045332,80.55603790283203,-64
1782317045343,83.64929962158203,-64
1782317045354,79.95304870605469,-64
1782317045364,80.95462036132812,-64
1782317045376,81.4983139038086,-64
1782317045386,81.68649291992188,-64
1782317045396,81.83726501464844,-64
1782317045414,82.21189880371094,-64
1782317045426,81.95825958251953,-64
1782317045437,81.31465911865234,-64
1782317045447,82.3313980102539,-64
1782317045459,81.46436309814453,-64
1782317045471,81.49298095703125,-64
1782317045482,81.0462417602539,-64
1782317045493,81.20011138916016,-64
1782317045504,81.19103240966797,-64
1782317045515,80.04898071289062,-64
1782317045525,80.93286895751953,-64
1782317045537,80.9031982421875,-64
1782317045549,81.57269287109375,-64
1782317045560,81.41085815429688,-64
1782317045571,80.04788208007812,-64
1782317045581,81.82561492919922,-64
1782317045592,82.20921325683594,-64
1782317045603,80.28861999511719,-64
1782317045614,81.4051742553711,-64
1782317045625,81.3631820678711,-64
1782317045635,80.97217559814453,-64
1782317045647,81.15559387207031,-64
1782317045659,82.1896743774414,-64
1782317045669,81.4688491821289,-64
1782317045680,81.8629150390625,-64
1782317045692,81.6148452758789,-64
1782317045703,81.29624938964844,-64
1782317045714,80.22075653076172,-64
1782317045723,82.0056381225586,-64
1782317045735,82.27803039550781,-64
1782317045746,81.05962371826172,-64
1782317045757,83.25314331054688,-64
1782317045768,81.93352508544922,-64
1782317045780,81.1943130493164,-64
1782317045795,81.21770477294922,-64
1782317045805,81.1562271118164,-64
1782317045815,81.49169921875,-64
1782317045826,82.15191650390625,-64
1782317045837,79.51373291015625,-64
1782317045847,82.6534423828125,-64
1782317045859,80.4002685546875,-64
1782317045876,80.91728973388672,-64
1782317045887,81.25633239746094,-64
1782317045898,80.70138549804688,-64
1782317045909,80.91699981689453,-64
1782317045921,80.79409790039062,-64
1782317045931,81.4417724609375,-64
1782317045941,80.8971939086914,-64
1782317045952,80.78094482421875,-64
1782317045964,81.4013442993164,-64
1782317045975,80.87960052490234,-64
1782317045986,80.92951965332031,-64
1782317045997,80.53255462646484,-64
1782317046009,80.9482192993164,-64
1782317046020,80.6878433227539,-64
1782317046031,81.57422637939453,-64
1782317046042,81.21137237548828,-64
1782317046053,81.49443817138672,-64
1782317046064,82.95990753173828,-64
1782317046074,81.09284210205078,-64
1782317046084,81.66485595703125,-64
1782317046095,82.06019592285156,-64
1782317046108,80.77935791015625,-64
1782317046123,80.01737213134766,-64
1782317046134,81.8571548461914,-64
1782317046146,81.71824645996094,-64
1782317046156,81.27852630615234,-64
1782317046167,81.63928985595703,-64
1782317046178,81.37629699707031,-64
1782317046189,81.97322082519531,-64
1782317046200,82.77955627441406,-64
1782317046212,81.63883209228516,-64
